-1
-1
-1
0
-1
-1
0
-1
-1
-1
-3
0
0
-3
1
-4
2
-3
2
-5
2
-2
-1
-1
-1
0
1
-4
2
-4
1
-3
-1
-2
0
-1
-2
1
-3
-2
-1
-3
0
-2
-3
-1
-3
-2
-1
-2
-2
0
-4
-1
-1
-6
4
-9
4
-7
0
-4
0
-3
-2
-2
-4
-1
-4
-3
-1
-3
-3
-2
-1
-4
-1
-4
-1
-2
-3
-2
-3
-4
0
-2
-6
3
-8
2
-4
-4
1
-6
-1
-2
-4
0
-3
0
-3
-2
-2
-2
0
-4
-1
-3
-3
0
-4
0
-3
0
-3
-2
-2
-1
-2
-1
-3
0
-5
2
-5
0
0
-4
1
-4
1
-3
2
-5
2
-2
-3
2
-5
2
-5
1
-2
-2
1
-3
1
-3
0
-2
-1
0
-3
1
-3
0
0
-2
0
-3
-1
-1
-1
-1
-2
-2
0
-2
-1
0
-5
4
-7
2
-1
-6
4
-6
1
-1
-4
1
-3
-3
0
-5
1
-5
0
-3
-2
1
-4
-1
-1
-5
1
-5
0
-4
-2
-4
-2
-3
-4
-2
-3
-3
-1
-5
0
-5
-1
-4
-2
-2
-5
-1
-4
-1
-5
-1
-5
-1
-3
-1
-5
-1
-2
-5
0
-5
-3
-1
-7
0
-5
-1
-6
-2
-5
-1
-4
-2
-4
-4
-2
-4
-3
-4
-2
-4
-2
-4
-5
-1
-3
-3
-4
-2
-4
-3
-2
-5
0
-5
-1
-3
-3
-3
0
-7
1
-4
-4
0
-6
-2
-2
-5
-2
-3
-3
-2
-3
-5
0
-5
-2
-4
-2
-3
-3
-3
-3
-3
-3
0
-6
1
-5
-1
-4
-1
-6
1
-6
1
-6
0
-3
-3
-2
-1
-4
0
-1
-3
2
-7
3
-4
-2
-1
-3
1
-3
-2
1
-5
2
-4
-3
1
-3
-2
-2
-3
0
-4
-1
-3
-2
-1
-4
0
-4
-2
-1
-4
0
-5
2
-7
0
-3
-2
-1
-3
-1
-2
-1
-2
-1
-2
0
-3
2
-5
2
-5
2
-3
-2
0
-4
0
-2
-4
2
-5
1
-3
-2
0
-3
-1
-3
0
-3
-1
-2
-1
-3
-1
-3
-2
-2
-2
-4
1
-5
1
-3
0
-4
-1
-3
-2
-1
-3
-1
-4
0
-4
-2
-1
-4
0
-4
-1
-4
0
-4
-1
-2
-3
0
-3
-3
1
-4
0
-3
-3
1
-5
1
-4
0
-3
-2
-3
0
-4
-1
-2
-2
-4
1
-5
1
-5
-2
-2
-2
-2
-1
-5
-1
-4
-2
-2
-4
-3
-2
-4
-1
-4
-2
-6
-1
-4
-2
-6
0
-7
1
-8
0
-5
-3
-1
-5
-2
-2
-5
1
-3
-4
0
-4
-2
-1
-4
-1
-5
1
-6
1
-4
-2
-2
-3
-1
-1
-4
-1
-3
-2
1
-5
0
-2
-4
0
-2
-4
0
-3
-1
-2
-3
-3
0
-5
3
-8
0
-3
-3
-1
-3
-3
0
-5
1
-6
0
-5
0
-5
-1
-4
-1
-4
-1
-4
-1
-3
-3
-2
-3
-4
-1
-5
0
-4
-4
-1
-5
-1
-2
-3
-4
-2
-2
-4
-1
-6
-1
-3
-4
-1
-6
2
-8
0
-2
-7
1
-6
-1
-3
-4
-1
-4
-3
-3
-2
-4
-2
-4
-2
-2
-6
2
-8
3
-7
-2
-1
-5
-1
-4
-5
0
-5
-1
-4
-4
-2
-5
-2
-4
-1
-5
-4
-3
-4
-2
-6
0
-7
0
-6
-1
-3
-3
-2
-4
-3
-1
-7
3
-9
3
-6
-1
-3
-2
-2
-4
-2
-2
-4
-2
-6
0
-4
-4
1
-9
3
-8
1
-6
-2
-2
-3
-4
-1
-6
0
-5
-2
-4
-2
-5
-2
-2
-4
-2
-4
-2
-3
-3
-3
-4
-2
-4
-3
-5
-2
-5
-2
-2
-6
1
-8
0
-2
-5
-2
-5
-3
-1
-5
-1
-4
-6
2
-8
2
-7
-1
-5
-4
-2
-4
-4
-3
-5
-2
-4
-2
-4
-3
-4
-3
-5
-1
-6
-2
-4
-3
-4
-3
-4
-3
-4
-4
-3
-5
-2
-6
-2
-8
-1
-6
-3
-4
-4
-3
-6
-1
-7
-2
-5
-5
-4
-4
-5
-2
-6
-4
-4
-4
-3
-6
-2
-5
-4
-4
-5
-3
-4
-4
-4
-3
-6
-3
-4
-6
0
-7
-2
-5
-5
-3
-4
-4
-3
-5
-4
-1
-7
-1
-7
-2
-8
1
-7
-2
-7
-2
-3
-4
-3
-5
-1
-6
-1
-5
-2
-6
0
-7
-2
-4
-6
1
-8
0
-6
-4
-3
-5
-4
-3
-3
-5
-3
-4
-4
-3
-3
-5
-2
-4
-4
-1
-6
-2
-2
-6
0
-5
-3
-1
-6
-1
-4
-3
0
-7
0
-3
-5
2
-5
-2
0
-7
3
-8
2
-5
-1
-3
-2
-3
0
-4
-2
-1
-3
-1
-3
-2
-2
-1
-4
0
-3
-2
-2
-1
-3
-2
-3
-2
0
-6
2
-5
-3
1
-6
2
-5
-1
-2
-2
-1
-3
-1
-4
0
-2
-2
1
-5
3
-5
3
-6
4
-8
4
-5
0
-1
-1
-1
-2
1
-5
1
-2
-1
1
-2
-1
-1
-3
0
-1
-2
1
-5
0
-1
-3
1
-4
1
-5
1
-4
-1
-3
-1
-3
1
-4
1
-5
0
-2
-3
-3
-1
-4
-2
-3
-3
-4
-1
-4
-1
-4
-2
-1
-5
0
-3
-5
1
-6
1
-4
-3
0
-5
0
-4
-1
-1
-5
1
-6
1
-3
-3
-2
-2
-2
-1
-4
-1
-4
0
-3
0
-4
0
-5
-1
-2
-3
0
-3
-3
-1
-3
-3
-1
-3
-1
-2
-3
-1
-2
-4
0
-5
1
2
4
3
7
5
8
9
8
9
13
5
23
0
26
-3
28
-11
73
1
39
-15
45
34
1604
2833
2678
2827
2749
2791
2766
2768
2772
2757
2771
2753
2763
2752
2740
2776
2687
2670
2433
1392
5383
3957
5103
-4625
-9477
15516
-14047
9884
-5609
4084
2168
-12005
-3026
-15440
-8134
9994
-4415
-14077
11323
11667
-3478
-16998
-3448
-5275
-7644
1996
-17996
-95
-4489
-11884
13921
-10650
480
-8990
-11425
3591
-13110
-11892
1715
-8875
-10119
17322
-10596
4009
-1148
-2454
12651
-18908
2210
-11967
2238
-3849
-8189
6176
-20431
5635
-11588
-827
-5128
-5964
-1017
-10279
11889
-17995
3186
-11746
-5068
-2362
-16175
-3955
7445
-9301
3163
-12898
9305
202
-4567
-10084
-14111
-2413
-13613
-96
10099
-5700
11672
-3822
659
-1350
-1655
5414
9274
-6883
-4575
7267
5335
-293
4543
5268
-2848
9995
-14887
15313
-5860
-9501
8302
-12420
14025
-7837
-5589
10027
-8885
10966
-4873
16136
-3935
-10612
12092
-7357
-11832
14367
-1359
-8711
8393
2227
4145
-20138
4341
1177
5038
2546
-1132
14578
-9317
-74
14143
-5162
-1371
9143
-14559
13970
-7326
-13268
4200
-4947
-15867
10372
5428
68
11085
-4342
19080
-8837
-2987
5384
-7463
9798
10336
-6995
6092
-1934
5289
-2937
3423
5401
-5036
7955
4250
-13372
4630
9801
-9955
13183
1364
4956
14361
9124
10538
10348
-1419
13931
-2353
4619
11365
3804
10801
9466
8824
10507
-10035
6497
6128
-2223
10001
8391
11077
10723
11174
10713
13152
3995
11463
10943
8584
10136
5778
7027
9024
5604
3209
10633
4900
11527
11526
9797
10260
10854
8553
3668
7272
10936
9591
6947
12409
-8255
10232
7189
8237
13530
-551
13169
6310
12488
2691
1675
9569
-3689
14827
3764
16420
5292
8170
5072
2932
12916
-10144
4625
5250
9506
12745
3426
11662
-1068
5851
10183
-3954
5397
9412
5737
8420
3466
11679
3707
3146
1738
1095
-2888
11070
-15269
-1872
4747
-13165
-1298
6093
-13633
10779
-9932
-8927
4952
-14106
-4557
13070
-9164
-9579
12452
11677
12451
5951
12171
-1611
-15150
13153
475
-11527
10764
-2044
-18262
9304
-8165
2749
-3153
1558
-5912
-3995
11899
-16309
2834
13149
-7425
-2695
9104
-14262
14021
-5477
-12499
11313
4147
-14265
7357
11417
-14654
8036
-6148
-5509
14356
6064
-9759
9027
4127
6225
9471
2833
15413
-11023
-3854
14267
-5951
-11094
7819
-15518
-3205
-4190
10881
5134
-2453
13094
-7154
16170
-14182
849
6102
-13613
-7515
15972
-9010
889
9378
8722
3651
-8841
13102
-16005
6131
8629
-6881
15262
-939
2587
14523
10620
3393
13852
-248
-789
14084
2717
14059
9915
10503
10863
6857
6560
11508
-3936
10747
10863
10445
12154
8614
12811
8874
10482
10710
4563
15180
7559
11841
-6440
2043
13708
6560
15077
7348
13300
8589
14123
5108
9088
9293
2980
5878
12836
-5072
-2621
11790
-2113
19763
-7924
-2079
8183
5223
-8622
-786
-3830
7822
2328
-983
15240
-14909
7620
549
-16747
4381
6376
-12251
10317
167
-16103
-2924
7560
-10942
9750
-13790
9551
2059
-16138
5858
-2804
-15851
3026
10215
5651
14968
6608
-7594
11322
10030
-13654
11886
-4719
3509
14331
-6056
6172
16776
-8318
-1317
6472
-12032
10799
6900
564
-4870
7227
-5799
348
-6427
7504
-12538
3441
-5113
-7584
12257
-14332
7209
2254
-14027
13263
-10137
5700
14034
8361
-12429
10432
-8944
-3477
8499
-17977
9972
8890
13967
5549
8153
-2092
-7581
11711
-12529
14538
-1616
-273
18030
-7330
-1108
9080
-6511
11914
-15260
2959
11543
-12855
9767
-8356
368
12927
-16086
5351
3308
-14068
12194
-8326
4304
-2692
1084
-10726
-228
15393
-10206
-3319
14892
-12787
-1740
10502
2124
12080
6189
-2047
5505
-11100
13955
-9731
6214
4176
8514
6308
4994
-759
-874
14686
-3807
15920
-2213
-8973
12784
611
-4372
15119
-3316
9182
1518
-3724
15838
-7489
13934
3681
-4748
8372
-8028
12175
4573
362
10844
3798
2340
6925
-3727
14038
-3033
-156
7717
861
11860
1070
11407
3902
277
15743
-11584
6041
4625
-2694
12516
-1408
14093
2449
9150
6730
13173
8222
12275
5629
11926
12087
9894
10484
8544
9935
14434
6149
-1233
13853
-2690
12314
3313
-5780
14800
6723
7105
9817
8194
12609
10011
11822
-3357
11767
6169
-2545
15633
-357
9715
6607
11370
3831
-7449
14097
6563
14216
6372
5145
9002
9263
-505
5877
9277
-4639
8865
7917
-947
8775
6132
8581
6889
4086
15973
-8536
6149
-3744
-6131
13468
9003
3019
8545
11781
-2292
12916
-2646
4633
9237
2667
12380
6576
5794
-5065
2906
-7129
9678
724
-9316
11188
-9457
8964
14077
-3683
9163
3074
-7445
16939
-14346
7253
-1591
1037
12797
-522
7296
10154
-1027
16158
-8971
1451
8993
-6840
11233
12757
-2246
7459
1455
3886
11774
976
13493
-200
17044
-4240
-6631
12458
-1111
11321
8018
12737
7637
10804
8942
8394
-7793
9899
-8208
9306
6183
-3879
13629
-5909
11825
1557
-8235
8107
3477
11445
-5312
9033
2407
10344
3765
-105
6535
-9940
13095
1132
4879
7961
4759
-272
6780
-11119
-1657
1835
-10101
8387
5769
890
8722
-5641
4347
10271
-15991
9017
-2914
-9312
-5392
-5401
11799
-796
-1998
9168
-115
3271
-5814
6058
-3773
1629
14361
-10522
-3030
10304
-11669
-6770
8649
-10956
1593
12233
-9222
5017
1079
-3446
10894
-6199
8611
-7247
-7691
1839
-3576
1380
12349
5428
6730
13342
8136
-3701
12994
-5752
-3870
6116
-7562
10495
-3799
10686
12948
-8254
7612
4567
-2525
16372
-4986
11702
-8700
810
7203
3152
12223
10806
-4995
11516
-4479
-6046
14580
-12251
7373
9628
-7552
12560
2658
-9850
13089
-6038
6931
11767
-4408
12489
-1472
8250
4529
2817
14379
-6774
14310
-7744
6422
7138
-1951
14108
2454
366
3792
13299
3263
12464
8727
4583
6401
11696
-133
7852
6527
1983
9418
11293
4551
10717
2850
6263
1138
7238
-5653
-1685
10684
4516
3496
13238
-3484
315
9431
-2353
1709
6071
9592
-7621
12901
476
3973
9751
-10261
8990
4984
-1454
14961
-669
6571
8150
-9174
10002
-2894
-2815
125
-422
5531
471
10365
9905
10648
6443
6545
8085
6863
8843
-4070
5137
-7180
1761
5739
329
12270
7575
7592
14107
78
5756
2015
-4307
9322
-13566
11653
4801
7277
10175
-8762
9471
-5150
-14675
3650
9666
3908
-2677
12191
-8137
-8011
12808
-1354
7337
8754
-15263
3203
3983
1451
6010
7607
-7918
-8361
14414
-6049
-7806
10231
-8802
-1719
7340
2311
9560
-6499
2171
-8324
10427
-5877
-344
3167
-1036
9617
-8776
9124
739
-1185
9893
2810
-1268
12498
9409
12598
11146
6787
-8371
13441
6427
13342
7031
11325
3666
2867
9025
5852
-3
11115
-8366
3640
11505
2162
10763
9749
4163
13265
2571
3576
387
-11810
11519
-443
1009
1021
-10333
8188
219
-3509
9820
-1551
-739
-8499
-3384
-15368
5221
-3603
-5764
2661
-230
-9448
-7682
3437
-9883
-13303
3081
-6826
347
1271
-5007
358
-11153
-8768
-8140
-11246
-10464
-545
-6803
241
3091
-15962
11094
-5649
-3256
14564
-12377
3035
5497
-16210
7954
-5606
-12534
12805
-2689
1902
10071
-1848
11701
-11979
1820
6044
-8277
7468
4909
5426
3200
6990
2288
7370
-4780
7221
3988
2060
8009
8253
5439
-9316
12790
-5467
-1003
13605
8014
10850
7177
8269
8941
-2470
3883
5110
10174
5144
5451
4213
4955
9681
-2179
2680
10893
-599
-3310
10586
-3042
6182
5539
5321
12200
9715
-2289
10616
66
5080
2345
-6007
12317
-8467
2716
12445
1380
11170
6460
3142
12598
-6407
8406
267
4759
14106
7882
6365
12594
4417
6884
4213
8004
-402
-611
7258
-3767
8936
5493
-2478
8047
-2967
7961
7285
-7777
11806
-1495
-3629
4737
-1363
8738
3294
5958
9970
384
-431
-4332
9987
-4838
3612
14149
-9373
4489
8659
-14772
7984
9292
3118
5301
-1151
-3203
-2590
4419
7062
13261
10805
10673
7648
-4232
10028
-2391
10333
-4688
650
11256
-3398
12887
2840
3727
2911
2840
12444
-3681
10766
613
4612
1695
7897
-4332
9000
2593
3504
5468
-844
2929
2604
4177
728
1267
-1130
832
-6731
13947
-11733
6159
-698
2052
6606
-13126
2042
-2313
262
-8260
-1571
-3809
-2205
-198
5264
789
-811
5830
-10895
5551
-2480
-14484
10085
-5342
-8966
5938
-2600
2311
9103
-9248
7368
-4425
-4091
6557
-13712
531
-7173
-10516
11719
-11836
1971
476
-4375
4298
-7020
-6121
8574
-11839
-2165
6670
-4337
11236
-497
-1691
11595
-6067
9104
-4287
-6868
7767
755
-2180
9507
4860
3257
10575
-517
-1787
8696
4552
-2461
1020
2803
1561
1001
-5893
7422
3944
-4003
4746
229
-1092
-1447
3756
-2880
-7764
5620
1801
-2654
11564
4579
-2817
10238
-5737
986
-2361
1654
1555
3338
10429
-3156
3195
2430
-8893
8622
3913
1752
10007
3558
7210
6965
5111
5172
7719
6824
7265
8087
1510
14032
6912
10216
5962
270
8635
-969
10417
6561
-4706
13812
-1872
5059
6736
4656
4623
13224
7937
1298
8913
681
9115
4449
-4292
12937
-1055
3991
11937
-11014
11867
-1945
525
15476
-8856
7307
1676
4021
9850
-4540
13208
-586
10899
8114
-2854
12790
3364
4817
9757
-3821
7304
7620
7029
-2755
1785
7401
289
8762
1736
6078
3200
292
8567
-1124
-2322
6718
-11179
-1023
875
-6372
14337
-10935
7693
6919
-6250
10668
-2811
-5558
7885
-698
-369
7261
8310
6942
896
2106
-10941
-916
-3252
-6016
3818
-4717
4544
-2809
56
12895
1175
523
4996
4154
9459
-7773
-4558
7892
-6113
10472
4023
-6960
8859
-3131
7837
2193
-9403
7777
-7219
-8868
10584
-2657
7240
7630
4174
5626
1889
964
-1758
363
-840
-5086
3442
1756
-3869
497
-1019
4822
-9551
-6429
1799
-9867
-1772
6403
-10240
469
-2350
-3470
3622
2381
3490
-3076
-10761
-7023
-1042
-6214
5558
2448
-2745
1214
68
1103
1489
529
-7754
13815
-15717
4620
-1119
-7588
11532
-10514
10027
1637
-2454
12290
-6617
297
-1968
-12113
3125
-988
639
436
-3343
905
-665
2340
-6657
-7674
11474
409
1396
-8325
-4942
8023
-15438
3472
2946
-11280
12076
-9476
465
483
-12774
9856
876
-3422
8018
-9332
3762
3691
-8449
10321
-3394
5136
-3291
-1686
-7130
-6442
3451
5126
1443
2984
4812
1611
5824
9211
209
-712
3906
917
-231
5572
3230
-1132
6424
3824
6763
796
2343
2954
8638
-1775
10702
849
9546
4735
-2463
5257
6864
4966
5719
3132
-9327
4016
-9457
9352
5551
5041
10755
-2268
9084
3595
-3161
4090
-13666
5060
1012
402
6550
174
-10734
5800
-1051
2549
6336
-3385
7905
4020
-11467
4814
-2458
-11627
3506
-3333
6363
-665
2332
2611
-4421
6992
-7769
267
1702
-7472
4516
-5740
-3976
7613
-6135
2620
9841
-13156
3382
209
-12816
9222
-10742
-2856
1929
-5789
948
773
-3797
8576
-5201
2885
-1216
-6458
5426
-4386
-740
834
2175
1237
-2532
580
479
5332
1362
6501
-168
10222
1475
6771
2637
1243
8716
-2218
9841
2032
-4921
9584
2901
9942
8716
6237
9261
5188
10352
6199
673
12787
-5786
7141
6817
-6954
12200
3275
6477
9523
4602
8838
-3251
8312
1395
3754
8278
-2115
9039
-5273
8786
596
3992
9508
5330
-1867
10678
6009
4235
11631
-4568
2891
736
3650
12555
6101
2512
11183
-4969
7909
7017
-7312
13379
-4511
-541
6120
-9202
1357
8699
-6096
11001
-3008
-6559
11046
-16541
6861
969
-9776
8075
-3700
-3138
10310
-7686
7474
-6703
-3190
6426
-13022
3226
-4776
-10413
7755
107
-2268
1836
-4823
-5317
-4198
-1287
1033
-9371
-4689
-5376
-9632
5703
-13428
-4406
-2760
-12096
-3211
-6173
-9876
-2344
-5393
4016
-6278
-7269
1064
-12265
-781
-3292
-14195
-1623
-2395
-4323
-1866
-5788
417
-6284
-211
3685
-10446
-9150
437
-7443
7357
5741
-2719
4306
-5723
2106
7894
-4599
4585
-6368
-1984
-139
-8092
33
-1317
3603
93
5477
2423
1168
1492
227
4677
2953
2639
1877
-5805
2415
2691
1997
1304
-3588
5186
-105
-1028
1491
-1207
2354
-5527
-4205
7501
-3493
132
2803
-1973
1771
1855
4387
4171
3098
3280
5961
-1053
5947
1759
458
5909
-32
4317
8520
4162
1450
6043
3964
2200
160
2317
2845
3489
7801
4469
5764
1894
5837
4935
5609
7391
2267
2672
1366
3918
9858
5678
8560
6301
5216
825
324
3831
1010
8740
5687
7946
-2100
534
2849
2775
7374
-3382
1982
1093
-1720
3353
1704
-2316
3970
5080
-1944
3267
2828
-3244
8865
-5651
4991
-639
-7383
9356
-979
6304
-6243
-2231
2888
-1371
5923
-7106
3203
1700
-1653
7270
-3422
5477
2400
3320
-6127
-1812
-4680
-3921
137
-4842
2606
-4378
4734
2405
-1508
6515
-1885
1961
-142
357
3942
-5608
5006
5416
427
3962
3359
-4766
7
1435
753
1955
1275
-580
4973
-3981
3858
2559
-775
5890
-791
-420
3439
-4274
81
2916
1599
3280
259
1582
4184
1954
3399
1530
206
5608
-664
3595
-504
-796
5123
-3041
4873
2600
-3717
7198
-2254
5759
366
-5547
7208
-3589
602
4580
1776
980
5046
2508
3637
4110
-930
4869
-2229
1850
-55
-2797
6100
-2101
3887
-1719
-2715
-1446
-138
2853
3477
-509
-1485
5805
-3835
9622
-4921
-1043
5926
-14223
715
-653
-6269
7722
-1340
-4343
3444
-8620
-1055
-1239
-7236
-527
-2316
-3613
-3335
-5679
2728
-6750
838
3422
-13036
-7484
-3527
-9341
-8167
-2150
-7509
271
-1201
-6995
1684
-2387
-6073
-1432
-5023
-559
3289
-2694
3060
194
-1284
2523
-6776
-1359
-2792
-79
-764
679
-1314
5086
4251
-3400
4367
883
3299
1478
-181
1601
-3110
6683
1529
-1381
-1486
-2796
8517
-1097
727
2778
-511
6299
-422
-1342
2869
108
2256
1374
366
-1192
-98
-1278
261
2789
163
7065
1275
4042
6366
-122
252
5290
-1773
2309
1377
-128
4171
1745
5743
932
4641
5941
4887
2036
2653
7888
4445
6108
6282
2517
5135
1499
2067
8184
-1747
6330
10248
5524
2977
5780
1208
6478
3521
3865
9831
1543
5426
3381
-106
1138
-1794
4936
4687
-2756
4855
1737
3818
4166
4038
-672
-4620
2449
-3055
8129
2101
3947
1281
-8050
3216
-1783
-3208
306
163
4222
226
835
2416
-3404
-1692
-1969
2264
-574
-1164
3324
-1014
-4794
-3469
-1408
-5544
489
-756
4152
174
-782
2137
-3680
-2302
-1707
-10049
-3822
-101
-6701
-1280
-14
-9988
-1971
-3579
-2883
1770
-1303
935
-5285
-3163
-7878
-7918
5029
-5393
5173
1265
-6887
5744
-3666
4455
887
-4444
98
-4004
-2308
2454
876
-646
1955
292
5589
-3652
2354
470
4232
4950
-1361
1393
496
1269
1384
-662
2657
977
39
4211
-88
779
-3887
2304
-1022
-3223
4942
-4149
2391
-4309
-3008
1492
-1795
2819
1997
1509
-1686
-5862
760
-7879
-280
11
-533
2131
-3829
1333
-4627
-2171
-4117
-5927
3519
-4310
-1919
124
-8865
1268
-2389
-6452
3372
-4455
-1508
493
-4064
-4321
-488
-2816
-4556
503
-3454
1519
2651
-4976
562
-2084
-1646
4100
-439
4058
-2598
-837
962
-1044
2509
-1157
3736
173
-1534
4139
-1256
2072
4862
1630
4758
335
-1556
1162
622
4741
3401
5232
4083
2636
4312
3026
-4312
5434
5102
-3278
5682
-3386
5083
3741
1458
6336
1312
-255
3858
3286
4565
6864
-818
4727
2773
1327
2620
5956
2666
624
5898
4814
1509
6828
3557
3465
3388
662
3693
-383
363
3426
2956
3564
3834
4943
-990
225
2728
-182
2642
2826
-3384
1945
-5072
-2961
-3720
-1768
4975
2011
3120
668
4497
2374
-2217
3517
-1384
-2099
-1550
1438
-1433
2779
468
-4532
799
249
-2447
4461
1859
-3157
2845
-1710
416
1848
-1062
-1685
-34
-3451
155
316
-1575
1232
-78
-1103
-1315
1424
1436
-121
-1435
1616
-595
-517
4330
-1642
69
-598
-4649
2586
-2063
1288
6640
-607
4778
4549
-7190
3603
223
-7722
4542
-4325
784
4302
-6673
999
-3523
-6679
4161
-5632
1738
4137
-4586
888
-2812
-4909
-339
-3087
1211
-548
-2561
4553
-1134
-3196
2237
-5835
1424
-4434
-4480
307
-4111
3177
-1654
-4798
5353
-9135
-3748
-2176
-10737
5722
-3971
-2322
-1378
-4989
-161
-6666
-3661
1639
-8739
-1996
-415
-3926
-1399
-3433
-2271
2898
-3057
-949
-1343
-6928
-2673
-7178
-2385
-3901
-7022
1067
-2615
-2917
-4299
-1027
-2464
1294
-2990
-101
3007
-3464
2466
-4559
-886
-568
-2124
2974
-2786
-2203
304
-1265
-2227
-162
-2211
-3329
1213
-3786
-1590
-2735
-725
4996
-3442
1930
-325
-4870
5139
8
-2447
4624
-897
3152
3630
-677
2603
1496
4303
2002
3790
5134
1447
6049
1684
-1229
7510
3494
4889
7583
473
9227
3439
4301
3763
2677
6841
3339
5590
5898
4790
5774
1027
2998
5721
3975
5820
4035
4038
6931
3169
2903
4955
75
6933
3412
1665
3663
-1903
3524
4806
1204
5201
1820
3889
3594
-798
2471
-838
4282
1329
383
221
2094
1527
975
-4099
-348
109
-2598
1685
-1410
4406
3591
480
421
769
-1993
236
2018
105
2418
2575
-1564
-1803
-5402
-3163
2279
-518
3666
-812
3579
-2039
-464
2401
-3668
511
-2830
3201
3100
1979
878
-2806
-922
-751
-3166
-4715
255
-4036
248
4823
-1015
2018
-479
-3206
-4242
-3095
-338
-7573
-4344
-4010
-3757
1064
-5848
-3375
-2274
-6388
-462
-8423
-1001
-6775
-3857
751
-9022
347
1342
-8903
-4134
-4553
-8837
-806
-4555
-2206
3531
-2610
-1464
-2564
-4554
-600
-3295
-2094
-1709
-1941
-360
-3149
-185
-2414
-828
2037
-4381
515
-1516
-970
412
755
706
595
1501
-604
2109
-1629
1041
1659
-1490
1931
-942
2149
988
2168
4762
1164
3063
3513
2000
740
1735
4545
1141
2091
-1646
2683
-120
490
2603
-5967
2542
-922
-1532
595
1428
4302
-1181
-375
-1268
-12
-2088
-291
515
61
1175
-1490
894
-305
-2344
-1900
-722
-3638
1909
-3224
172
713
-3961
1380
-1189
-2475
1558
-3731
2242
-1238
-3201
1060
-785
-172
1050
2700
-1125
-1258
1078
-960
-2779
152
1705
440
4703
2854
97
1609
-1781
2624
1542
-354
2959
1021
3890
3240
81
5456
-547
637
1960
833
924
-164
2529
-1240
2254
3818
-1503
969
2001
2582
2385
1437
655
-355
1535
1388
1115
-53
1218
1360
-2681
-1998
-3118
-1234
1831
386
-290
3233
-428
1058
647
-3626
1276
-865
-1453
-830
-4736
933
-2460
-2532
2145
-6453
1056
-1341
-1924
2821
-6268
-88
256
315
-2429
653
-2420
-1499
-24
-826
2150
-2217
1575
-1671
-4187
615
-4194
212
2025
496
4384
-2365
-657
1005
-4259
1611
-279
3510
807
-1323
2803
-1600
1732
2081
1418
3094
863
2339
-1115
-1844
-461
-256
3057
-500
-729
-771
-438
-1856
1319
-90
-744
9
-1317
-1027
96
-550
-575
-316
1407
3357
-1945
-2270
-370
-31
1325
-639
-170
1457
1776
622
1947
779
267
1862
-237
-188
468
2674
678
-1113
1422
-1072
1189
18
-62
1373
-979
-1935
1062
-1579
707
-921
-2737
2738
401
1589
-820
-2640
2268
8
788
-1904
-554
2893
-1982
-161
-537
-370
-1266
-4253
1930
-3453
678
-1106
-2137
1618
-5435
-1181
83
-1517
-637
-901
-3375
1204
1412
-1436
-1732
-2278
116
-351
-714
-2508
-2150
2188
162
-1900
-653
-3194
-4161
-2810
-1435
-3245
-1341
1267
-1504
-1147
1029
-708
1150
-2292
-991
779
-2652
-528
-1152
506
1152
2037
1548
761
4382
199
3637
3532
1461
5970
-966
-144
2482
-2030
5510
2179
-233
5044
587
4759
3589
506
5414
-1534
3550
3266
-809
8446
709
660
1811
-2012
2835
4850
288
2986
3398
2168
2465
1162
1474
1991
2134
3353
-925
1489
1989
-1133
1956
367
1838
4031
-55
-157
-729
-926
-15
1893
1276
-565
485
-2970
-365
85
-657
1819
257
-2008
-1856
-2794
-1089
-1160
-4805
-300
-1056
-1875
2035
-2564
-1080
-911
-1587
-388
-2857
-2108
-4734
-2991
-642
-3017
-179
-380
-535
-284
-773
-4681
-3802
-931
-4457
-582
-1593
-2089
-1495
-1349
-210
-1325
-4412
1360
-2214
-3189
-1905
-1597
1392
561
-613
-2084
-909
-3486
-513
-169
-918
-603
607
-335
345
-2477
-1620
1027
-1674
-622
-1637
-2813
-1810
148
619
-748
373
-589
-1401
-45
1285
-618
-313
-1361
428
-2580
-2028
-2153
-2071
-2134
-2444
46
-1478
-148
-505
368
-712
-813
-3718
-4773
1157
-781
-44
1459
646
2804
-125
-768
1012
-2777
1383
-1175
485
34
-870
2889
-1369
2920
237
1780
-2020
-2948
404
-2304
1260
1428
1089
1931
-876
-417
-1535
-1769
-243
-2283
-3382
787
-1118
1108
235
-2494
2207
-4536
-686
-128
-2495
452
-2081
-1329
193
-860
-607
-1200
-1526
-878
-969
-234
1637
-776
207
410
-1371
250
-1044
463
1418
-1567
-232
1783
1509
3139
1945
2481
595
185
1485
-636
329
564
1331
1446
1928
-638
1778
1236
1579
2899
1474
471
1509
978
594
3455
-239
2188
1434
3816
3248
-241
1656
-1177
2158
1837
1435
1672
1062
1692
-383
679
2729
-95
137
-822
-1565
544
-1918
-826
307
-2128
-2364
-1084
-1349
-2148
778
-165
-2206
-1154
-2411
-1184
-2862
-2868
-672
-789
-299
653
-44
-2450
-387
395
-1161
-1630
-1905
-1223
-1022
-237
403
-919
-2089
976
-359
-791
1716
-355
-201
102
-1090
1608
-1477
3849
1174
1120
1963
-1077
-334
620
3768
529
1656
2369
-1144
2714
1577
1536
2885
2654
4080
814
2379
2827
-812
2293
2785
1868
2330
-1152
4708
1737
918
3843
-1431
2146
-767
-1194
2123
-966
-1042
893
-1579
1754
-267
-3277
-3181
-3066
-1583
-1641
-687
-838
-953
-2674
-2243
-2421
-3600
-1738
-1874
-2930
-1848
-1053
-1863
-2146
-2254
-1986
-2573
-2681
-2415
-2509
-1333
-194
-2289
-2580
1170
-1945
-3412
-2892
-4451
-3265
-1200
113
-2543
-3115
-1593
-1565
-1609
-3545
-1074
-1694
-2812
-794
-1591
-512
-2000
-3519
234
-226
-408
-2251
-2566
-3051
-2744
1122
-847
-1528
938
-2617
-1178
-1760
-2333
1352
-2940
-738
-1263
-3303
940
-1261
397
-1099
-2399
1523
-1456
121
-365
-1778
48
-1731
-891
-728
-2667
-1485
-719
-263
118
-655
173
2214
-163
-1916
571
-1869
-1780
2320
8
180
1916
-914
1620
-554
15
2475
832
1584
1024
2665
-700
249
2690
-377
1606
2014
-54
3780
926
413
1131
-195
119
1874
1303
940
1213
3397
1277
2669
1887
-255
2645
137
2336
39
1357
375
-2095
1895
1975
2891
1425
-83
695
436
-1974
-305
-454
666
241
-2252
-2422
-1584
-163
1645
-1722
-960
1249
-3726
-708
-1952
-2073
-487
-4445
-3290
-320
-2398
-2816
-1484
-2505
-1565
-2643
-2126
-1519
-3722
-605
-2762
-3958
1224
-3812
-2908
66
-3582
-1685
-558
-3137
-2839
-993
-2092
-1609
-573
-795
-1916
-692
-2268
-2244
-1621
-1982
-2555
-2120
-348
-1200
-496
-1036
-56
52
794
-12
-1660
523
-1444
-1114
-2998
-1374
283
-83
1679
-711
259
-1629
-1717
133
-1884
-408
1526
-486
-152
-385
1124
-355
-255
2272
1520
1989
783
301
1029
-149
-519
1429
1356
849
2367
369
740
794
1028
2490
2037
1711
678
1712
2614
1237
2478
2890
3446
1918
2274
3347
2378
1013
1407
2207
1855
2189
1438
2298
3220
2708
3555
1830
4150
651
-635
2653
-815
-76
451
966
922
711
438
402
-734
987
493
771
-1027
-1529
-2356
-5189
-918
-1896
-474
565
-1522
-145
-1834
-1667
-861
-4599
-2208
-1679
-3096
-2764
-1984
-1623
-1774
-1925
-1272
344
-1599
-2728
-820
-2383
-1021
-406
-1962
321
-1168
-3113
402
-1888
-1891
209
-2590
-1267
709
-542
-1706
402
-4
-613
-2446
-1749
416
-277
525
130
227
1141
-1185
2131
-1121
-996
1209
-775
894
1098
332
1490
1208
266
2172
1812
1277
-325
-435
-119
1949
3819
1862
2723
347
1482
1928
921
2078
764
495
125
-169
651
-954
311
-628
288
1882
-1203
-425
1564
-846
-716
1531
-483
-1777
-332
-2110
-1745
-1409
-1858
1546
-390
-1975
106
-1224
29
-1209
-2634
-362
-3989
-1724
790
-2895
-854
-852
-1173
46
-1453
119
52
-1690
-802
-2825
-1175
-471
1268
2441
532
97
-1449
-1327
182
-1415
26
820
-1199
972
-459
-1398
-722
-221
286
-1558
136
314
-425
-611
-130
1023
836
497
442
-198
-1296
-24
-1017
-600
991
1191
842
136
478
899
-531
1011
259
496
-446
-176
-875
-1143
960
-618
-1644
-1311
-543
465
-261
-2229
487
-231
-106
-156
-679
1221
-733
-1941
-1400
-2972
-2355
-1176
-2754
-360
306
-1494
-1815
-2002
-1350
-2837
-2581
-1360
-2299
-563
276
-419
-2001
-1175
-1964
-851
-658
-1717
727
-833
63
31
-943
1875
-191
1238
1131
1111
1362
-608
-252
472
262
1763
958
-301
755
1165
325
1474
-854
444
387
128
347
623
470
614
1810
161
-753
-586
262
1069
1337
860
391
405
920
-414
293
-173
-1436
874
-336
-516
-188
51
851
-1411
-953
355
265
712
-536
355
769
-1084
196
-1001
-291
-673
-117
1139
-598
704
87
-1702
-59
-1443
-1474
-170
1085
-344
-507
593
279
745
-704
80
-279
-1486
-2666
-2833
-421
-1315
-967
-856
-1980
-1224
-839
-1703
-1879
-930
-2217
-1337
-2627
-2848
-765
-1617
-923
-2211
-1362
-488
-1476
-1762
-2128
-1890
-1603
-2482
-1475
-2323
-1964
-452
-1529
-1483
-2311
-1751
-318
-2035
-769
180
-1501
835
-1003
-3235
548
-1953
-2481
-538
-1368
-24
1054
-564
-85
608
-801
-349
765
801
-82
-723
1756
2087
555
816
314
2306
84
89
947
-671
1545
888
-20
-279
-191
883
544
516
48
-1513
-723
-533
-604
826
102
484
-147
552
844
-311
605
-591
-63
-519
-726
587
-1173
-891
-939
-792
-2099
-1043
40
-1114
-776
-488
-1913
-502
-1258
273
273
-1811
-22
-477
-577
-659
-1088
-821
-926
-451
997
146
-905
-1910
-28
250
-259
-141
-719
-259
-545
860
451
889
-1198
-2506
257
-1210
-2143
-97
-2240
-164
-1837
-1376
689
-2377
412
-301
-98
652
-1630
-1613
-1289
-1040
-423
-1195
-601
-291
1124
-217
-975
-408
-1082
1055
-828
-2255
940
606
-362
-359
252
-100
633
1162
-368
-553
777
211
-1125
-862
-1676
-2209
62
-227
-309
930
-1523
-1590
-2405
-1434
860
-1408
-47
-486
-1742
-229
-1477
-1654
-624
-1521
-1904
-2864
-2121
-1314
-3066
-1537
-865
-2097
-727
-1200
-2706
-2553
-2944
-2501
-482
-1031
-1831
909
-44
-2210
-955
-1740
-1452
-1310
-2407
-702
399
75
-393
-1160
-835
-160
209
161
438
536
564
653
852
833
2274
682
577
-555
597
521
245
2185
-20
1938
1874
304
1132
670
594
142
833
1592
1347
1230
1243
1228
980
61
120
-883
-32
1402
954
357
621
880
-522
689
-203
847
672
-177
1819
661
530
832
-1528
-966
681
458
1251
603
1170
1002
-614
-112
-1019
77
-42
-701
-391
-13
157
-329
296
463
-1095
-1460
-235
-409
-956
929
76
-463
696
-1179
-1498
-526
83
-125
-200
-323
-46
-636
-114
333
1016
189
70
-1204
-2021
-457
381
128
932
765
232
-469
-447
199
-1027
302
131
-1187
-81
-159
-521
-1568
-544
522
966
1390
-491
377
-2072
-2383
-1137
-2736
849
-3
-1081
-356
-2060
-120
-164
-1334
-179
-592
-637
-482
-253
-517
-506
-131
-545
-1695
-1427
-588
-391
-1356
-598
356
-209
720
-291
697
1096
379
76
-1140
764
-9
-260
531
114
1676
1141
-550
611
-738
-709
1213
-1350
411
1117
244
1472
-417
451
636
-1006
834
420
393
952
636
93
-682
-539
-206
-1023
-62
871
900
-1419
-474
-59
-1707
638
-461
-580
119
-744
-845
-1109
-374
-608
-1888
-1631
-1119
-1104
-253
-1321
-820
-961
-1606
-653
-2195
-1288
-2048
-2569
-1022
-1874
-869
-1091
-1607
-667
-752
-1324
-954
-1819
-1501
-1084
-1792
-1500
-1680
-1745
-1569
-1889
-1816
-1822
-1674
-1560
-1263
-1989
-1440
-126
-728
775
-729
-1705
-997
-1808
-674
-2223
-139
343
-2471
434
-236
-348
344
-1292
-792
-758
-825
1033
548
406
128
-17
691
-195
-527
563
170
519
-293
-797
-392
720
-108
523
661
154
916
361
-1004
46
197
368
547
-241
372
-576
-606
-389
-487
-18
65
-122
-396
-992
-1152
-1496
-1574
-971
-1599
-1866
-700
-562
-1109
-1015
-839
-338
-190
112
-1058
-2180
-2628
-1728
-1845
-3154
-1406
-516
-1722
-2154
-1862
-2429
-1404
-1201
-2394
-1399
-2137
-2323
-1988
-1482
-1124
-458
-263
-732
-223
-1471
-1680
-1940
-1709
-769
-1021
231
-635
-1177
-532
-1746
-787
-1620
-1662
-168
-816
315
835
191
206
-78
446
-828
-1162
-154
666
-72
415
496
641
1079
-157
650
190
616
713
478
304
-428
667
65
879
1891
492
-33
-89
210
1029
-208
464
563
114
407
-632
-376
117
-801
172
-241
-718
-284
-1010
-124
-145
-27
453
-597
-1180
-1182
-2137
-744
112
-494
-640
-25
208
596
868
476
530
-287
-669
-1470
-823
-122
-650
1093
762
-202
352
-116
-40
402
881
559
1708
2135
1031
757
-328
-134
229
-74
1554
631
-245
437
-134
-183
648
442
566
99
-360
-282
-601
-271
-1190
-1381
-216
-988
-119
700
-547
-106
-220
-1636
-295
-845
-863
-324
-332
496
-87
-325
-261
-1278
-821
-168
-764
-347
-101
207
320
33
4
-1338
-1255
-506
-600
1555
-404
-514
-203
-2030
-61
97
467
182
-344
100
-330
-1058
-1293
-1084
-961
-1568
-1276
-1219
-1575
-304
-901
-196
-932
-1175
-736
-1204
-1140
-146
-919
-898
-978
-1186
-92
-543
-165
-237
-621
-1380
-1115
-150
-174
-148
464
-276
-470
-533
221
217
481
441
-273
-231
-334
-231
551
1226
380
1171
1079
954
1584
439
-198
-423
-17
1155
2189
683
258
1043
879
725
47
240
568
151
556
1247
107
792
472
-456
-842
-890
-185
-674
29
-51
298
46
-107
81
-1117
192
-1083
-1346
-119
-249
770
-685
-1401
-1602
-1922
-768
-1556
-1336
-758
-591
-237
-838
-960
-545
-892
-1226
-1897
-667
-635
-996
84
-1218
-1140
-440
-1565
-1855
-1846
-1817
-574
-406
-792
-1094
-941
-1492
-1060
-610
-1480
-1778
-1068
-1363
-1803
-847
-1032
-1173
-1883
-1406
-1797
-1734
-407
-1930
-1731
-1221
-1756
-981
-1280
-1089
-357
-1410
-1556
-1912
-1611
-1067
-806
-548
-1102
-293
-422
-1266
-321
-589
-725
418
514
187
283
248
-362
-45
302
381
738
1166
406
27
7
625
1409
712
719
484
-325
499
1258
84
969
949
158
789
161
62
52
236
332
-317
1121
36
-316
-195
-642
118
708
1302
220
412
-635
-1353
-89
-534
392
868
-1173
-629
309
-778
62
-168
-1185
-127
-223
-452
-181
-484
153
-758
-1065
-288
-687
63
-177
128
507
-271
265
-707
-256
38
-316
477
-706
-48
226
-471
175
-320
-1016
573
45
-353
93
-668
70
-450
-287
-404
-247
-199
-426
417
-182
-469
124
346
780
-62
-109
-342
-1073
-244
-24
210
-257
-99
185
-542
-920
-850
-197
-674
-1230
-1333
-1104
-566
-967
-736
-1597
-2118
-1756
-1202
-451
-1120
-1168
-969
-1973
-1605
-882
-1127
-1689
-1628
-2309
-2236
-1394
-2289
-2782
-2161
-1754
-1778
-1443
-1365
-1412
-864
-2205
-2136
-1073
-2486
-2326
-1798
-2293
-744
-1136
-1616
-1323
-1987
-1498
-1602
-2196
-1489
-2165
-1617
-920
-1761
-793
-2055
-1332
-845
-2200
-1353
-1169
-885
-830
-757
-1718
-1883
-492
-1049
-687
-47
-345
-671
-307
-608
-719
757
-32
-115
123
-979
-1493
-1395
-1035
-248
-15
-629
-570
-605
180
214
-43
-141
-554
-1034
-591
-685
-765
262
-88
35
962
737
-213
18
-785
-787
98
-69
169
22
19
25
-71
-267
-439
460
-98
69
845
-386
-58
772
91
473
276
-97
221
-286
-194
597
-445
543
-357
-1142
529
100
293
245
-327
-244
-68
494
-19
-121
1033
1159
826
926
428
291
-163
-735
-160
517
598
892
625
580
748
282
607
1209
295
508
771
915
592
581
360
212
1194
414
-715
163
416
361
977
710
634
233
-110
-235
491
-238
-249
960
263
121
64
315
708
-227
-839
-1218
-1349
-780
-800
-873
-63
-144
-655
-693
-1720
-1315
-906
-1076
-723
-706
-1014
-1388
-1653
-1079
-635
-1416
-1577
-1662
-2178
-2562
-1153
-1200
-1568
-1589
-1546
-1154
-1802
-1593
-1737
-2084
-1439
-1537
-2035
-2122
-1526
-1443
-1566
-1578
-1205
-1039
-1769
-1391
-1817
-1608
-1625
-2073
-1474
-1358
-319
-598
-1556
-622
-440
-1095
-969
-1258
-630
38
-411
-90
-397
-552
80
-471
-350
-175
357
-152
-1051
-433
25
604
95
-86
-133
-941
60
388
-390
467
718
-393
-754
-439
-190
-21
-548
295
259
-286
-27
81
143
517
-92
-499
158
-674
-983
-22
134
570
-31
108
-192
-245
486
-25
114
-212
-430
101
-297
436
478
388
883
-64
399
435
289
348
748
1725
628
17
421
-9
782
229
279
688
234
627
397
629
1243
1106
562
-352
200
742
645
1314
62
647
151
-499
232
-299
-55
-251
-484
-238
-677
-170
207
167
574
308
5
450
-689
-527
-17
-429
-399
-191
-228
-65
396
-201
185
-26
-623
-387
-946
-1524
-451
242
-574
-617
-843
-262
-486
-695
-402
-540
369
-314
-1340
-795
-1211
-293
-702
-1254
-603
-840
-617
-1194
-675
-1009
-1019
-169
-1535
-1398
-1240
-1742
-611
-1235
-695
-730
-811
-693
-1343
-568
-485
-1439
-1660
-1265
-961
-1108
-394
-374
-519
-81
-1022
-1516
-351
-907
-1069
-895
-673
-162
-526
143
128
-869
-219
48
-660
-258
-297
-594
-8
518
24
217
3
-414
-79
141
348
-18
211
286
-566
-68
-14
-48
281
-240
-319
-613
-767
-556
-605
24
-31
-448
-487
-606
-1401
-880
3
-577
-757
-661
-323
-681
-667
-793
-1574
-1053
-246
-418
-1060
-698
-569
-782
-886
-1394
-1171
-989
-1044
-1006
-689
-291
30
312
-233
-801
-966
-706
-1035
-2050
-799
-982
-1576
-505
-1071
-1036
-1294
-1912
-1084
-1316
-1044
-1039
-1313
-1306
-1392
-1477
-1517
-1025
-189
-166
-990
-1845
-1843
-1904
-1710
-909
-929
-477
-1238
-1408
-856
-1644
-1272
-1150
-1055
-410
-347
89
-565
-357
78
-402
-59
-430
-324
-111
-108
193
763
756
557
537
163
678
582
834
961
404
703
985
778
1347
1159
136
517
1095
951
1327
1166
739
1103
648
993
225
32
702
-7
537
775
143
288
40
-205
197
-344
138
305
-298
-212
-229
-402
-1072
-589
-1079
-1199
-516
-1320
-599
-936
-982
-250
-1075
-1607
-1494
-1366
-1261
-1942
-1666
-1000
-860
-694
-1648
-1164
-1194
-1079
-1314
-1252
-719
-1300
-735
-1047
-858
-543
-999
-474
-834
-524
-35
-800
-506
-502
-468
-180
-561
-216
-54
-41
-239
-156
-162
-459
-391
-526
-530
-405
-397
-571
-59
456
441
85
55
-227
-90
-498
-441
356
-249
267
-44
-484
153
-67
-126
-225
-706
-433
-427
-373
-50
-261
84
307
228
-143
-99
-43
336
365
-47
238
71
51
377
537
317
609
764
409
-117
-87
153
40
257
23
247
568
-48
-200
-101
53
198
444
874
394
-137
-234
-437
-792
-523
-112
91
-159
-405
12
-358
-765
-304
-1384
-1526
-461
-285
-275
-852
-1122
-876
-791
-741
-1123
-1000
-678
-417
-113
-544
-973
-921
-1448
-1812
-1334
-1651
-1569
-981
-1333
-1570
-1025
-1256
-692
-339
-1067
-1182
-946
-675
-1385
-1352
-1112
-1045
-830
-1302
-994
-837
-1177
-937
-1011
-733
-1134
-1093
-484
-413
-378
-215
-117
-868
-938
-583
-941
-501
-841
-608
-740
-1671
-799
-1113
-1149
-307
-1195
-1032
-678
-1574
-1286
-1242
-1365
-953
-929
-1305
-1197
-1397
-1434
-1336
-1105
-304
-512
-380
-765
-1126
-1406
-1684
-1193
-1546
-751
-389
-1224
-865
-1014
-933
-792
-1075
-314
-884
-1203
-826
-876
-100
-506
-507
-715
-1544
-779
-993
-1343
-304
-664
-544
-485
-626
-792
-1277
-344
-760
-658
-242
-412
7
-562
-567
-198
-110
244
141
-146
-487
-561
31
-31
148
339
-43
-220
-410
-65
196
415
605
470
461
531
403
118
275
458
537
819
572
363
158
-75
185
183
311
138
-130
196
391
330
518
-9
326
858
337
185
268
-106
-126
-189
73
407
-61
343
116
404
308
-452
-653
-457
-157
41
488
495
351
-18
-322
189
-73
-166
-36
-395
-44
44
314
777
252
255
-10
-360
-54
-220
-305
-263
138
-305
-442
-239
-650
-571
-651
-687
-635
-342
29
-61
-453
-646
-838
-889
-627
-497
-531
-397
-843
-623
177
-480
-341
-207
-285
-211
288
116
-845
-516
-48
-331
200
45
138
553
76
25
-118
103
-157
-309
242
210
393
291
319
601
317
407
241
338
271
-53
465
-75
-42
257
-228
410
380
451
592
344
394
-192
-239
-149
-128
-39
60
259
340
-11
185
198
230
302
-141
32
-462
-995
-803
-597
-365
49
-172
-313
-266
-813
-968
-834
-982
-848
-274
-1008
-1058
-949
-1335
-1295
-1371
-1424
-1157
-701
-658
-1037
-1157
-1746
-1529
-971
-842
-1068
-1447
-1167
-1218
-1123
-1202
-1373
-963
-967
-770
-504
-896
-978
-1095
-1546
-996
-808
-927
-212
-620
-911
-506
-556
-677
-1054
-1568
-1213
-693
-404
-320
-352
-661
-1282
-1160
-717
-970
-1011
-860
-791
-620
-950
-992
-1130
-1077
-960
-999
-800
-1107
-1303
-1311
-1231
-1025
-998
-897
-1415
-1821
-1147
-825
-673
-1318
-1752
-1191
-1394
-1098
-878
-1196
-853
-641
-257
65
-767
-627
-151
-619
-690
-713
-567
-621
-626
210
348
277
42
-383
32
426
645
722
503
380
454
272
326
416
582
1129
675
583
1020
952
1150
974
768
739
403
228
247
255
695
424
362
689
295
448
306
-153
135
-174
-49
-469
-327
148
-207
-18
-312
-86
-237
-499
-316
-494
-287
-536
-644
-890
-1083
-847
-1178
-1016
-1146
-1583
-1445
-1510
-812
-566
-1085
-994
-1550
-1490
-1349
-912
-956
-1609
-1222
-884
-1009
-1002
-866
-860
-1147
-1112
-949
-752
-1022
-1309
-1332
-1373
-803
-576
-604
-931
-1552
-1402
-1553
-1188
-1118
-1270
-707
-999
-1157
-1094
-667
-564
-818
-893
-1027
-607
-386
-442
-422
-284
-513
-658
-583
-857
-389
-552
-704
-104
-428
-644
-338
-350
-475
-330
-463
-678
-649
-535
-267
-103
-480
-504
-503
-688
-401
-715
-723
-564
-780
-273
71
-201
-40
-183
-487
-440
-472
-625
-780
-373
-186
-103
99
-342
-204
-388
-386
20
212
424
304
16
-144
-284
-383
7
-33
-136
383
439
481
501
607
1121
771
320
384
96
246
342
262
690
226
2
114
222
641
447
294
35
-11
145
32
173
412
630
583
-26
-210
-292
-361
-73
-113
-498
-290
-203
-267
-290
-657
-247
-7
-290
-793
-672
-339
-482
-140
-434
-772
-203
-466
-604
-365
-602
-185
-417
-514
-507
-1167
-884
-1095
-1298
-869
-463
-240
-615
-941
-1139
-818
-953
-1264
-647
-794
-673
-566
-659
-125
-308
-463
-552
-861
-845
-773
-558
-67
161
-104
-529
-643
-561
-186
-30
-91
99
-134
-302
17
-105
82
358
148
-9
-161
-383
-474
-16
228
-21
-252
-533
-453
-62
342
232
136
178
-93
-224
-270
-334
-173
-102
-232
-190
-61
-330
-157
-165
-363
30
-112
-263
-225
-299
318
33
-69
304
-237
8
2
-28
-116
-647
-293
-492
-441
-68
-91
217
-99
-241
-229
-449
-113
-401
-87
216
-343
-172
-224
-95
-92
186
443
-106
180
-33
-47
384
-195
-284
-291
-354
194
151
194
225
-230
-662
-806
-431
-118
-248
-359
-288
-571
-404
-277
-551
-737
-856
-831
-902
-1093
-1026
-879
-741
-484
-857
-1005
-1064
-1266
-1139
-1384
-1246
-1387
-1299
-726
-1012
-1483
-1186
-963
-883
-772
-1288
-1291
-1177
-1346
-845
-834
-617
-785
-1233
-1111
-1143
-1000
-1145
-1260
-1070
-920
-775
-835
-642
-483
-539
-485
-501
-644
-515
-412
-884
-673
-299
-312
-294
-26
-309
-414
-617
-1010
-819
-688
-566
-414
-252
-167
-515
-514
-464
-505
-255
-659
-1052
-912
-884
-354
96
-184
-592
-1001
-961
-1195
-1395
-954
-764
-635
-558
-828
-872
-1018
-939
-552
-506
-247
-546
-990
-721
-657
-614
-675
-998
-656
-445
-505
-610
-954
-777
-727
-809
-803
-959
-792
-555
-858
-836
-375
-477
-426
-315
-801
-606
-147
-564
-534
-551
-844
-541
-565
-464
-308
-226
137
-254
-366
-294
-570
-238
-87
-289
-303
-372
-61
255
182
49
-29
193
79
240
401
60
477
595
274
1
-49
262
190
142
187
-27
199
449
270
185
223
298
581
411
402
85
-25
180
126
108
261
232
72
262
458
360
100
-145
-359
-77
-61
-89
215
-41
-396
-256
-178
-1
142
-14
219
39
-189
-242
-278
-452
-388
-239
-396
-40
-211
-149
17
-181
308
-545
-751
-497
-648
73
137
-342
-327
2
-107
-349
-300
-140
-203
-375
-460
-315
-153
-224
-27
64
-409
-590
-470
-617
-554
-605
-722
-595
-409
-444
-449
-623
-949
-1006
-376
-181
-440
-403
-379
-233
-470
-696
-1043
-1278
-895
-938
-861
-553
-889
-840
-1047
-1313
-1079
-899
-660
-703
-630
-985
-1194
-1220
-1435
-1475
-1424
-1450
-1063
-810
-824
-920
-1172
-1084
-1099
-1006
-989
-1160
-1177
-833
-965
-1122
-673
-961
-1281
-1120
-923
-844
-944
-946
-734
-305
-291
-421
-501
-781
-915
-1136
-1047
-783
-724
-430
-569
-667
-347
-511
-598
-798
-1053
-790
-301
-422
-489
-547
-854
-952
-938
-698
-592
-527
-452
-388
-487
-364
-47
-94
-655
-838
-653
-829
-754
-736
-636
-275
36
477
371
-87
-57
-136
-226
-201
-384
-283
165
365
244
336
541
311
150
213
91
405
699
552
385
364
501
507
329
424
705
494
415
509
233
346
704
878
514
246
412
249
203
189
141
251
426
559
499
292
405
76
-177
144
108
188
72
-79
-158
26
275
130
107
95
-62
-275
-416
-212
-195
-225
-94
-283
-209
-315
-612
-349
-253
-180
-281
-654
-352
-17
-131
-222
-493
-607
-508
-513
-226
-146
-406
-547
-1079
-1016
-706
-698
-114
-241
-404
-261
-568
-514
-705
-918
-697
-868
-803
-713
-888
-714
-398
-459
-613
-630
-748
-529
-498
-620
-537
-499
-472
-600
-555
-461
-720
-995
-907
-856
-902
-952
-879
-818
-731
-678
-718
-759
-851
-941
-1086
-1029
-846
-962
-1046
-964
-972
-1010
-793
-893
-810
-618
-731
-1071
-1154
-1066
-1125
-770
-751
-661
-596
-689
-485
-655
-907
-743
-948
-875
-433
-405
-376
-436
-335
-497
-895
-520
-372
-170
28
-209
-347
-470
-541
-135
-195
-244
85
56
-23
-248
-331
-315
-258
-112
-78
-42
114
14
-215
-67
-255
-450
-129
-58
-88
-82
-80
20
-115
62
268
71
19
-103
-131
-45
-179
-291
-179
-189
-130
57
33
298
-20
-264
-59
-217
-55
-98
-110
60
-317
-231
-418
-498
-83
-247
-78
-95
-589
-472
-587
-695
-492
-351
-268
-564
-826
-572
-534
-660
-672
-589
-515
-585
-692
-466
-498
-609
-304
-329
-670
-714
-722
-612
-422
-471
-537
-581
-607
-611
-613
-539
-269
-321
-294
-223
-342
-668
-685
-604
-804
-574
-211
-36
11
-4
-420
-598
-513
-460
-354
-257
-23
-49
49
-6
-419
-440
-459
-212
116
-59
-14
-96
-265
10
-40
-236
-244
-398
-387
31
308
303
289
271
176
21
-170
-171
-61
-45
-110
-185
-238
-12
12
-235
-208
1
41
7
44
138
-100
-381
-300
-392
-494
-376
-371
-287
-345
-567
-593
-612
-580
-715
-660
-165
-138
-411
-575
-796
-873
-805
-635
-528
-621
-603
-639
-683
-559
-421
-419
-621
-657
-723
-709
-644
-797
-859
-921
-926
-671
-609
-555
-562
-664
-339
-398
-415
-471
-720
-625
-544
-496
-341
-337
-360
-311
-511
-533
-287
-50
-29
-195
-381
-495
-598
-511
-226
-123
-229
-304
-404
-441
-282
-314
-390
-305
-479
-313
-382
-604
-437
-275
-345
-529
-428
-346
-33
-44
-488
-711
-628
-634
-693
-640
-593
-581
-654
-657
-534
-602
-664
-572
-498
-478
-486
-789
-734
-562
-503
-328
-406
-697
-778
-671
-610
-430
-623
-824
-607
-367
-93
-186
-805
-774
-684
-662
-514
-736
-574
-334
-332
-247
-358
-553
-503
-599
-509
-350
-554
-686
-758
-588
-306
-399
-574
-754
-801
-552
-516
-548
-572
-608
-520
-762
-593
-372
-562
-539
-574
-401
-156
-177
-33
-117
-339
-546
-563
-441
-291
-156
-32
-6
-157
-217
-340
-194
-130
-68
77
19
-40
74
84
141
92
-40
74
150
-13
-97
-147
-75
95
205
300
311
292
151
143
16
-25
55
-62
115
184
53
293
118
-223
-292
-153
2
71
226
117
6
-51
-162
-345
-586
-468
-406
-392
-98
-119
-230
-286
-439
-528
-511
-542
-654
-535
-512
-489
-521
-626
-529
-750
-661
-675
-643
-510
-712
-591
-732
-996
-870
-875
-687
-520
-387
-341
-618
-572
-557
-579
-740
-894
-889
-838
-529
-349
-352
-344
-401
-345
-420
-575
-535
-422
-152
-90
-109
-134
-143
-62
-300
-346
-255
-250
-287
-272
18
1
61
9
-180
-269
-464
-295
-51
-104
-46
-77
-216
-82
-50
-22
-170
-250
-193
-314
-260
-167
-36
106
-94
-331
-503
-600
-469
-473
-594
-580
-405
-394
-496
-743
-734
-436
-704
-803
-717
-606
-596
-582
-562
-696
-838
-844
-733
-814
-806
-693
-794
-807
-736
-765
-650
-814
-785
-726
-802
-646
-867
-837
-743
-807
-596
-747
-626
-497
-673
-517
-554
-583
-528
-634
-569
-769
-655
-534
-823
-537
-445
-634
-535
-498
-587
-721
-842
-737
-518
-490
-443
-465
-458
-344
-349
-282
-395
-650
-659
-771
-677
-548
-512
-228
-395
-698
-638
-688
-609
-425
-578
-599
-732
-723
-434
-537
-701
-729
-552
-473
-637
-752
-837
-788
-768
-729
-793
-843
-591
-659
-746
-871
-993
-865
-694
-676
-726
-817
-882
-908
-920
-655
-523
-531
-423
-591
-793
-467
-263
-288
-213
-411
-543
-543
-472
-289
-48
155
163
-57
-75
25
83
79
-58
-47
-305
-47
368
166
285
92
-13
145
132
440
467
514
500
394
387
294
360
451
417
407
440
466
478
327
364
458
407
572
556
740
928
647
745
547
294
575
498
815
879
545
663
494
621
646
400
704
775
587
437
293
508
619
444
510
532
540
617
581
408
473
571
314
190
160
179
369
296
266
325
254
197
107
-2
-155
-9
222
190
208
25
-72
-55
41
7
-168
-248
-264
-78
-25
-123
-222
-360
-509
-540
-491
-487
-415
-550
-501
-303
-473
-430
-546
-767
-758
-1008
-1128
-704
-498
-494
-463
-591
-721
-888
-1046
-1080
-1258
-1235
-1039
-940
-964
-1041
-1028
-1112
-1221
-1114
-816
-632
-881
-1017
-992
-961
-781
-823
-817
-745
-762
-660
-729
-867
-1011
-1155
-1049
-1068
-890
-697
-623
-561
-612
-612
-535
-707
-784
-645
-744
-773
-958
-998
-767
-561
-320
-386
-490
-486
-738
-734
-670
-686
-587
-550
-696
-798
-675
-549
-377
-463
-545
-517
-632
-664
-752
-751
-562
-472
-334
-503
-513
-358
-494
-605
-386
-376
-428
-403
-588
-466
-257
-283
-247
-283
-305
-293
-515
-511
-167
-376
-497
-400
-520
-452
-551
-415
-203
-172
-173
-270
-264
-392
-542
-445
-363
-299
-96
-119
-194
-312
-541
-522
-535
-625
-517
-327
-267
-235
-438
-557
-487
-489
-335
-406
-565
-539
-467
-441
-416
-380
-470
-433
-410
-467
-366
-367
-279
-339
-449
-436
-653
-530
-351
-332
-242
-373
-334
-397
-538
-395
-239
-32
-212
-553
-605
-686
-482
-313
-398
-219
-131
-311
-308
-434
-327
-71
-231
-189
-218
-289
-104
-46
-143
-260
-392
-277
-151
-141
-9
35
48
44
-34
-45
-164
-304
-250
24
-18
-226
-71
-109
5
55
-45
-102
-274
-290
-325
-292
-208
-77
46
84
20
-40
-3
-190
-311
-356
-372
-207
-17
17
-124
-190
-234
-148
-88
-257
-184
-134
-228
-91
65
-17
-98
-140
-243
-278
-122
-90
-258
-353
-242
-190
-148
-129
-206
-247
-245
-269
-345
-303
-413
-550
-379
-490
-523
-531
-627
-610
-731
-566
-491
-579
-510
-525
-455
-518
-633
-529
-602
-858
-763
-786
-913
-751
-609
-624
-717
-885
-760
-619
-720
-783
-664
-565
-592
-619
-770
-740
-571
-758
-829
-646
-648
-659
-648
-728
-666
-531
-459
-423
-419
-552
-629
-553
-493
-438
-487
-561
-469
-511
-423
-406
-555
-470
-419
-313
-229
-438
-409
-497
-364
-234
-389
-302
-283
-340
-347
-205
-79
-247
-411
-510
-697
-594
-528
-550
-400
-345
-358
-311
-485
-574
-361
-327
-347
-260
-241
-360
-453
-581
-628
-471
-496
-447
-198
-184
-141
-282
-574
-553
-650
-491
-239
-303
-299
-372
-386
-264
-312
-282
-251
-191
-40
-108
-137
-139
-237
-259
-205
-196
-244
-307
-359
-245
-188
-16
175
21
-12
-81
-136
12
-45
-147
-216
-304
-114
64
218
291
130
99
10
-21
86
130
198
233
255
130
176
184
143
273
250
93
120
166
151
168
140
206
332
285
221
57
23
160
194
122
14
144
180
228
278
171
110
-100
-129
51
-8
2
63
-17
-129
-216
-270
-321
-329
-282
-193
-259
-366
-462
-482
-361
-386
-443
-433
-631
-762
-722
-744
-729
-711
-794
-773
-741
-851
-886
-836
-813
-743
-781
-975
-1074
-1006
-1000
-928
-783
-712
-697
-678
-793
-777
-700
-712
-600
-596
-655
-626
-541
-534
-740
-687
-506
-521
-436
-293
-381
-284
-166
-425
-415
-417
-449
-228
-289
-333
-323
-404
-224
-232
-277
-245
-222
-116
-158
-90
-220
-336
-220
-232
-204
-168
-214
-316
-383
-292
-281
-439
-435
-260
-112
-194
-416
-472
-311
-174
-167
-263
-333
-341
-376
-439
-451
-420
-423
-358
-351
-442
-502
-593
-614
-615
-436
-417
-536
-435
-515
-571
-473
-460
-538
-449
-325
-470
-523
-478
-450
-420
-327
-253
-317
-370
-241
-146
-200
-333
-398
-346
-330
-238
-263
-297
-175
-165
-101
-32
-232
-355
-417
-214
-58
-178
-120
-183
-230
-110
-150
-176
-114
-121
-135
-163
-181
-76
-80
-43
58
-2
-18
-4
-6
-14
-91
-203
-275
-218
-85
-110
-75
54
-19
-2
-6
-104
-74
75
45
-14
30
67
211
182
78
-21
-173
-213
-114
12
100
177
152
117
181
107
-27
-120
-121
-68
-16
74
28
-73
4
12
128
148
-4
-38
-37
42
99
-33
-104
-77
-24
-47
-116
-183
-257
-133
-87
-91
35
-52
-150
-252
-264
-133
-178
-186
-212
-220
-252
-249
-185
-245
-311
-435
-441
-442
-473
-391
-465
-467
-426
-537
-540
-508
-566
-597
-716
-722
-643
-570
-604
-686
-566
-562
-655
-743
-808
-846
-905
-878
-864
-756
-685
-732
-833
-993
-1046
-926
-848
-793
-822
-925
-989
-969
-841
-984
-1011
-967
-991
-820
-898
-934
-868
-874
-813
-866
-1027
-1182
-1047
-832
-899
-821
-781
-781
-662
-836
-881
-697
-682
-637
-738
-808
-738
-663
-598
-612
-541
-536
-595
-615
-659
-606
-484
-461
-346
-291
-442
-478
-515
-484
-391
-340
-289
-309
-266
-144
-155
-222
-132
-82
-97
-92
-274
-341
-276
-240
-256
-278
-185
-74
-69
-16
-17
-37
-117
-230
-103
-55
-98
-217
-314
-187
-10
171
225
159
72
-83
-102
-168
-140
-25
-86
-27
-38
-79
58
161
181
87
26
25
-21
100
161
153
167
171
162
83
15
90
158
128
133
189
295
299
234
95
-14
-21
-95
-18
82
59
187
122
71
104
-43
-126
-157
-125
22
42
93
42
-103
-173
-260
-228
-202
-245
-169
-271
-329
-308
-372
-367
-348
-369
-361
-319
-250
-268
-326
-359
-249
-236
-379
-468
-562
-567
-472
-467
-381
-273
-259
-383
-495
-379
-326
-363
-378
-441
-389
-444
-445
-410
-386
-296
-421
-393
-385
-379
-309
-370
-341
-300
-413
-460
-420
-417
-377
-348
-429
-513
-576
-491
-371
-275
-184
-125
-154
-289
-359
-372
-436
-430
-399
-316
-233
-256
-320
-315
-383
-387
-349
-412
-293
-259
-323
-320
-323
-299
-374
-411
-353
-487
-534
-366
-367
-516
-538
-464
-379
-271
-289
-325
-266
-299
-389
-335
-363
-425
-424
-357
-223
-271
-302
-286
-356
-216
-192
-231
-214
-194
-145
-119
-115
-209
-295
-338
-222
-89
-57
-22
-80
-128
-105
-166
-166
-153
-268
-153
-17
-27
-26
-49
-33
-67
-59
22
-25
-133
-101
-4
34
-67
-181
-139
-112
-127
-96
-55
-38
1
-83
-106
-51
-14
-25
-23
-52
-224
-277
-101
12
54
28
-149
-139
-119
-203
-278
-302
-207
-158
-205
-162
-191
-297
-383
-273
-94
-139
-212
-253
-178
-161
-262
-358
-444
-331
-257
-333
-357
-370
-344
-327
-340
-299
-219
-242
-286
-307
-343
-291
-241
-271
-326
-369
-383
-314
-223
-248
-327
-341
-331
-313
-359
-448
-431
-506
-564
-431
-422
-381
-286
-319
-286
-246
-369
-478
-506
-498
-449
-508
-601
-548
-388
-335
-365
-434
-497
-479
-513
-662
-587
-430
-444
-476
-443
-352
-440
-502
-492
-599
-628
-601
-530
-422
-353
-395
-480
-528
-605
-614
-542
-515
-517
-529
-556
-508
-417
-393
-525
-617
-583
-584
-539
-503
-448
-395
-435
-452
-440
-408
-356
-399
-535
-614
-556
-459
-375
-329
-354
-298
-345
-501
-483
-469
-412
-264
-238
-261
-239
-226
-257
-262
-204
-128
-149
-236
-212
-225
-252
-228
-203
-154
-199
-184
-141
-76
2
-3
42
-37
-136
-173
-217
-193
-107
15
134
130
-68
-12
76
17
-15
-36
47
104
134
114
-71
-91
-49
-44
-116
-218
-182
-105
-7
21
-5
-96
-125
-113
-146
-181
-245
-285
-310
-196
-96
-221
-305
-261
-158
-91
-186
-318
-384
-375
-380
-286
-245
-300
-216
-186
-244
-245
-274
-364
-376
-309
-331
-367
-331
-361
-279
-205
-323
-463
-539
-429
-390
-473
-415
-431
-543
-432
-415
-429
-366
-357
-333
-374
-437
-464
-460
-484
-528
-506
-506
-482
-470
-470
-490
-437
-345
-317
-282
-301
-463
-589
-565
-499
-480
-532
-518
-509
-471
-374
-392
-415
-383
-362
-369
-377
-491
-400
-295
-333
-355
-404
-315
-205
-345
-456
-374
-367
-401
-302
-205
-236
-249
-372
-457
-358
-299
-243
-85
-111
-176
-264
-335
-271
-342
-332
-203
-165
-147
-175
-253
-278
-189
-121
-207
-211
-177
-200
-260
-328
-299
-248
-280
-269
-230
-221
-286
-381
-324
-221
-222
-269
-286
-320
-381
-409
-417
-415
-395
-315
-291
-271
-153
-151
-313
-397
-438
-359
-289
-352
-379
-420
-409
-311
-212
-125
-146
-285
-390
-347
-331
-388
-329
-289
-234
-203
-202
-186
-238
-186
-200
-201
-111
-206
-228
-146
-155
-156
-220
-195
-125
-137
-80
-98
-168
-175
-113
-122
-189
-165
-108
-66
-84
-141
-116
-113
-122
-78
-165
-195
-145
-115
-138
-198
-205
-205
-143
-196
-298
-283
-306
-172
-58
-103
-154
-226
-268
-283
-308
-222
-266
-308
-238
-252
-268
-313
-313
-288
-303
-276
-314
-357
-387
-412
-384
-347
-327
-341
-331
-291
-331
-353
-398
-446
-387
-441
-516
-461
-425
-435
-446
-384
-281
-274
-181
-191
-337
-333
-269
-221
-252
-302
-250
-263
-333
-255
-221
-198
-74
-40
-140
-273
-375
-357
-347
-308
-290
-264
-260
-269
-233
-229
-172
-173
-191
-191
-202
-265
-396
-441
-359
-256
-188
-205
-232
-320
-269
-241
-303
-229
-237
-283
-252
-298
-329
-332
-309
-146
-38
-57
-132
-207
-205
-184
-138
-150
-209
-211
-185
-109
-61
-168
-218
-124
-111
-98
-117
-183
-182
-95
-68
-111
-148
-122
-35
-73
-183
-270
-234
-148
-125
-106
-179
-174
-79
-71
4
-30
-113
-166
-234
-172
-111
-61
-54
-139
-158
-117
-55
-50
-51
-7
-36
-56
-116
-212
-216
-86
108
155
122
46
-51
-60
-112
-138
-130
-35
108
105
31
-63
-97
-16
40
110
119
36
-29
-31
5
-4
-7
-20
8
38
-52
-122
-94
-75
-105
-86
-15
-58
-101
-129
-160
-169
-121
-87
-110
-143
-144
-204
-210
-157
-195
-264
-245
-162
-188
-238
-201
-215
-255
-247
-229
-251
-282
-262
-277
-356
-305
-220
-220
-253
-292
-275
-260
-265
-263
-249
-196
-237
-348
-361
-295
-179
-175
-228
-232
-242
-215
-176
-133
-92
-134
-172
-292
-353
-243
-144
-56
-64
-155
-256
-298
-203
-187
-226
-232
-196
-149
-158
-210
-308
-354
-338
-253
-137
-120
-171
-238
-297
-286
-249
-244
-332
-329
-248
-266
-303
-309
-360
-424
-471
-436
-382
-418
-388
-364
-434
-457
-438
-423
-401
-404
-488
-525
-572
-532
-462
-497
-480
-477
-440
-396
-486
-544
-584
-548
-485
-550
-581
-567
-528
-447
-472
-496
-536
-526
-518
-572
-533
-510
-570
-498
-402
-393
-455
-501
-538
-633
-599
-566
-587
-511
-562
-628
-595
-593
-558
-573
-609
-509
-463
-459
-479
-550
-580
-602
-638
-621
-618
-578
-561
-550
-517
-482
-488
-498
-555
-615
-577
-579
-608
-542
-547
-582
-526
-511
-538
-556
-532
-478
-452
-481
-449
-428
-474
-454
-474
-519
-456
-369
-351
-378
-370
-269
-264
-323
-378
-411
-388
-328
-284
-252
-151
-158
-221
-200
-219
-252
-240
-152
-46
-76
-120
-107
-84
-48
-14
27
64
-5
3
15
29
109
109
104
61
16
45
48
48
96
186
238
190
173
86
79
99
19
14
72
99
139
100
70
118
133
131
59
6
71
146
135
125
76
31
25
30
-30
-85
-104
-93
-15
31
-1
-78
-169
-163
-100
-89
-116
-134
-121
-183
-302
-332
-261
-167
-121
-159
-251
-334
-367
-387
-360
-307
-318
-324
-359
-384
-356
-319
-316
-332
-385
-435
-481
-447
-386
-382
-405
-432
-491
-503
-476
-471
-464
-539
-556
-495
-479
-416
-429
-436
-413
-467
-445
-477
-515
-493
-492
-399
-357
-424
-439
-384
-393
-367
-346
-396
-381
-339
-254
-183
-257
-304
-291
-307
-273
-190
-159
-137
-131
-142
-118
-84
-131
-158
-154
-84
1
-45
-118
-155
-224
-137
-85
-118
-69
-67
-125
-107
-54
-48
-59
-47
-24
-18
-16
-78
-78
-70
-46
5
-44
-146
-173
-202
-187
-133
-149
-97
-94
-47
-62
-117
-89
-103
-195
-230
-238
-238
-184
-183
-228
-254
-208
-193
-232
-246
-256
-262
-293
-317
-304
-326
-372
-383
-378
-333
-317
-328
-299
-289
-308
-348
-399
-416
-410
-364
-359
-380
-338
-300
-271
-245
-274
-333
-346
-410
-434
-406
-351
-265
-252
-307
-341
-320
-281
-355
-407
-380
-317
-216
-218
-290
-359
-401
-368
-327
-361
-370
-296
-260
-261
-305
-380
-351
-277
-257
-233
-198
-183
-246
-337
-278
-182
-126
-78
-118
-147
-141
-129
-121
-127
-112
-123
-78
-87
-42
-22
-90
-71
-56
-53
-53
-54
26
23
-6
7
-18
-59
-103
-137
-125
-109
-75
-30
-59
-41
-14
-65
-146
-145
-150
-109
-35
-7
-26
-53
-111
-156
-190
-167
-99
-48
40
6
-89
-164
-221
-199
-187
-153
-77
-8
9
40
-5
-153
-187
-113
-36
4
12
-6
-81
-102
-58
-73
-116
-118
-116
-99
-55
-72
-127
-154
-199
-249
-222
-172
-173
-178
-202
-210
-216
-221
-235
-311
-308
-273
-290
-308
-354
-349
-318
-383
-412
-395
-352
-333
-361
-393
-424
-419
-430
-493
-519
-498
-467
-455
-421
-378
-334
-352
-429
-453
-517
-543
-518
-517
-450
-411
-391
-387
-433
-418
-365
-350
-375
-361
-358
-404
-396
-388
-352
-311
-299
-341
-381
-405
-371
-306
-249
-237
-275
-305
-299
-256
-268
-272
-231
-206
-197
-220
-276
-325
-351
-269
-225
-214
-194
-207
-207
-238
-279
-298
-276
-246
-269
-259
-212
-240
-307
-336
-336
-328
-330
-324
-296
-283
-291
-352
-385
-351
-308
-316
-337
-364
-329
-286
-305
-290
-263
-293
-305
-311
-286
-284
-319
-380
-380
-261
-161
-174
-218
-248
-253
-232
-269
-319
-298
-253
-207
-183
-169
-160
-160
-183
-264
-234
-150
-120
-163
-241
-297
-275
-231
-169
-175
-197
-205
-234
-235
-236
-223
-219
-216
-167
-194
-235
-222
-223
-210
-183
-231
-196
-187
-264
-284
-289
-254
-176
-174
-177
-212
-254
-236
-200
-181
-196
-214
-173
-111
-124
-148
-182
-205
-212
-228
-188
-93
-72
-83
-49
-11
-55
-86
-71
-135
-208
-185
-121
-64
-39
-51
-10
-8
-13
-12
-44
-56
-97
-85
-26
-41
-101
-85
-21
-19
-27
-50
-93
-82
-84
-86
-83
-73
-31
-33
-83
-161
-174
-171
-190
-219
-220
-136
-57
-85
-157
-233
-242
-249
-229
-196
-215
-244
-269
-286
-303
-309
-348
-339
-342
-387
-421
-373
-365
-382
-379
-405
-436
-415
-374
-374
-400
-432
-448
-428
-439
-454
-463
-515
-513
-472
-468
-468
-496
-501
-478
-489
-461
-410
-410
-476
-557
-585
-590
-543
-446
-394
-363
-358
-441
-472
-434
-420
-428
-446
-439
-439
-442
-379
-318
-345
-423
-445
-443
-396
-313
-288
-302
-280
-243
-277
-327
-373
-350
-237
-228
-268
-277
-250
-174
-155
-181
-176
-207
-238
-198
-145
-115
-107
-131
-132
-116
-68
-36
-80
-38
-3
-3
40
72
64
37
5
17
103
164
166
111
20
-5
24
69
79
122
130
127
135
133
144
85
26
39
13
56
106
127
170
120
33
31
51
38
21
30
8
5
24
18
-17
-59
-54
-111
-138
-99
-46
-49
-100
-132
-161
-184
-191
-204
-239
-238
-210
-209
-240
-218
-179
-185
-257
-287
-281
-259
-250
-253
-276
-270
-244
-201
-211
-243
-257
-278
-269
-253
-241
-240
-267
-247
-242
-241
-259
-251
-244
-242
-256
-281
-293
-253
-250
-225
-241
-245
-269
-352
-311
-300
-287
-238
-240
-242
-251
-344
-391
-370
-298
-278
-348
-313
-260
-247
-247
-234
-256
-291
-296
-262
-239
-262
-253
-267
-254
-224
-247
-256
-220
-212
-251
-261
-228
-198
-154
-134
-127
-147
-194
-247
-232
-176
-136
-106
-127
-130
-121
-140
-153
-171
-196
-165
-153
-139
-134
-132
-73
-39
-66
-154
-244
-183
-98
-84
-82
-120
-158
-195
-240
-202
-136
-64
-63
-156
-206
-249
-262
-227
-215
-181
-160
-171
-208
-241
-277
-309
-321
-312
-290
-301
-310
-283
-276
-314
-387
-407
-420
-449
-458
-410
-382
-389
-409
-402
-385
-395
-420
-461
-498
-515
-505
-467
-412
-407
-384
-417
-452
-487
-531
-513
-453
-410
-356
-363
-433
-472
-470
-400
-407
-442
-460
-483
-435
-379
-409
-409
-385
-402
-414
-393
-364
-345
-323
-329
-393
-395
-381
-355
-280
-239
-230
-250
-282
-320
-363
-357
-337
-261
-190
-156
-185
-246
-269
-263
-259
-256
-236
-209
-168
-123
-155
-229
-261
-245
-228
-226
-256
-220
-134
-93
-101
-109
-144
-170
-181
-188
-163
-166
-147
-130
-143
-133
-106
-92
-112
-134
-117
-117
-111
-99
-107
-99
-106
-121
-102
-87
-76
-85
-110
-115
-110
-44
-43
-61
-95
-144
-146
-111
-44
-4
-38
-88
-128
-112
-81
-87
-90
-104
-110
-58
-60
-98
-146
-209
-178
-135
-126
-113
-94
-77
-132
-164
-147
-164
-165
-197
-224
-194
-144
-135
-136
-150
-142
-143
-149
-121
-134
-181
-190
-180
-124
-96
-116
-161
-159
-137
-140
-139
-164
-177
-150
-143
-178
-158
-176
-160
-126
-110
-101
-127
-128
-98
-68
-60
-117
-187
-207
-167
-103
-70
-41
-25
-77
-124
-163
-145
-112
-102
-108
-147
-154
-103
-79
-107
-91
-55
-54
-87
-93
-123
-156
-166
-157
-158
-111
-88
-94
-102
-99
-110
-149
-174
-181
-141
-73
-41
-78
-128
-169
-176
-185
-180
-160
-147
-128
-134
-225
-233
-154
-95
-104
-145
-195
-217
-219
-225
-244
-243
-216
-184
-174
-208
-271
-319
-320
-264
-211
-213
-257
-276
-263
-268
-248
-246
-263
-277
-271
-271
-239
-258
-347
-355
-276
-244
-249
-275
-297
-307
-353
-354
-350
-336
-313
-288
-268
-286
-306
-326
-342
-346
-370
-352
-329
-337
-359
-379
-374
-374
-412
-412
-386
-351
-344
-349
-347
-364
-382
-417
-416
-381
-408
-444
-452
-414
-379
-366
-418
-417
-392
-368
-357
-385
-421
-386
-305
-293
-279
-286
-287
-286
-344
-372
-323
-294
-205
-182
-243
-245
-211
-195
-180
-208
-189
-162
-146
-150
-140
-116
-108
-104
-76
-69
-82
-86
-79
-24
-19
-56
-66
-69
-80
-80
-80
-52
0
18
-42
-67
-64
-39
-28
-41
-61
-86
-83
-46
-8
12
-7
-17
-56
-56
-61
-59
-39
-34
-60
-67
-62
-60
-29
-56
-102
-126
-91
-52
-36
-56
-104
-138
-166
-178
-169
-143
-145
-164
-186
-174
-153
-169
-206
-240
-272
-265
-225
-229
-234
-246
-291
-334
-333
-284
-273
-288
-289
-278
-259
-242
-241
-267
-286
-332
-332
-328
-323
-339
-324
-306
-291
-304
-319
-327
-308
-307
-311
-293
-270
-212
-239
-297
-298
-295
-281
-265
-262
-218
-198
-216
-293
-300
-244
-187
-164
-178
-191
-194
-178
-192
-221
-228
-213
-204
-187
-154
-111
-100
-117
-136
-139
-136
-120
-120
-150
-165
-170
-155
-145
-124
-106
-109
-123
-105
-137
-173
-167
-134
-119
-138
-161
-138
-135
-114
-98
-87
-95
-131
-159
-147
-151
-174
-180
-168
-140
-133
-170
-187
-167
-138
-112
-122
-136
-147
-150
-163
-162
-178
-152
-147
-144
-144
-157
-153
-159
-162
-131
-112
-103
-110
-160
-195
-186
-142
-114
-125
-125
-120
-148
-130
-96
-90
-92
-102
-117
-120
-118
-104
-96
-50
-43
-34
-2
-12
-68
-130
-152
-144
-132
-121
-82
-76
-73
-61
-98
-104
-96
-108
-109
-141
-167
-127
-97
-122
-151
-165
-143
-134
-94
-100
-131
-149
-156
-176
-235
-260
-207
-148
-165
-225
-213
-186
-196
-215
-242
-225
-162
-167
-238
-286
-254
-263
-248
-222
-187
-164
-187
-252
-298
-274
-204
-186
-210
-248
-242
-213
-201
-198
-203
-240
-258
-252
-229
-228
-202
-147
-150
-174
-223
-231
-198
-172
-154
-162
-177
-190
-163
-146
-156
-144
-178
-211
-206
-185
-173
-162
-174
-185
-185
-181
-191
-212
-206
-205
-178
-156
-166
-192
-227
-242
-260
-279
-276
-249
-223
-208
-205
-203
-224
-256
-276
-303
-300
-278
-251
-234
-237
-260
-262
-266
-262
-253
-236
-202
-231
-254
-273
-284
-279
-279
-283
-268
-258
-227
-198
-220
-238
-250
-255
-227
-207
-181
-201
-237
-228
-194
-179
-184
-187
-186
-215
-247
-239
-182
-140
-128
-140
-169
-188
-216
-213
-177
-178
-165
-148
-186
-215
-241
-246
-207
-186
-202
-226
-239
-259
-275
-277
-270
-268
-293
-323
-351
-326
-301
-303
-325
-307
-286
-309
-330
-322
-357
-403
-429
-427
-403
-389
-384
-389
-397
-371
-365
-378
-415
-398
-369
-348
-380
-396
-374
-365
-394
-406
-346
-310
-296
-309
-301
-291
-285
-276
-304
-315
-282
-270
-265
-252
-221
-199
-197
-201
-196
-199
-196
-214
-191
-162
-163
-155
-148
-139
-153
-143
-100
-95
-136
-157
-133
-113
-127
-142
-136
-116
-103
-96
-103
-106
-93
-90
-117
-135
-126
-108
-102
-93
-92
-119
-139
-138
-168
-145
-118
-146
-135
-128
-120
-112
-143
-160
-166
-154
-147
-147
-148
-156
-172
-209
-223
-189
-175
-165
-185
-184
-187
-226
-228
-199
-181
-162
-173
-165
-159
-167
-213
-261
-232
-194
-196
-189
-192
-210
-204
-161
-121
-115
-148
-171
-179
-186
-166
-157
-148
-152
-157
-160
-156
-165
-155
-120
-128
-126
-124
-146
-147
-139
-86
-60
-86
-106
-113
-88
-55
-33
-49
-58
-60
-34
-28
-47
-27
-4
-1
-36
-67
-73
-47
-23
1
-5
-6
-10
-6
-4
33
55
55
17
-8
-48
-87
-84
-67
-70
-67
-65
-51
-45
-44
-53
-78
-75
-86
-95
-133
-189
-205
-192
-155
-131
-137
-134
-161
-184
-185
-205
-197
-211
-243
-258
-247
-249
-226
-196
-190
-223
-251
-273
-247
-225
-253
-289
-294
-290
-274
-271
-264
-260
-265
-277
-281
-290
-311
-332
-310
-297
-283
-245
-219
-249
-306
-332
-315
-327
-315
-282
-278
-279
-272
-254
-281
-322
-319
-274
-281
-290
-297
-306
-284
-258
-240
-245
-275
-276
-250
-243
-252
-265
-280
-285
-248
-203
-203
-215
-227
-237
-235
-211
-179
-194
-211
-244
-259
-220
-159
-139
-165
-194
-181
-193
-212
-220
-194
-198
-190
-195
-179
-141
-131
-145
-155
-162
-175
-185
-181
-161
-159
-164
-179
-198
-196
-185
-180
-186
-167
-172
-170
-193
-210
-254
-261
-236
-214
-192
-178
-180
-189
-204
-226
-215
-207
-226
-238
-226
-238
-261
-237
-210
-190
-198
-207
-216
-196
-182
-202
-231
-205
-205
-208
-202
-202
-193
-178
-172
-171
-161
-126
-114
-142
-131
-114
-122
-143
-152
-137
-87
-60
-80
-103
-120
-105
-87
-88
-122
-122
-112
-84
-86
-117
-122
-125
-129
-124
-111
-106
-117
-133
-130
-133
-145
-174
-190
-157
-135
-126
-121
-135
-145
-134
-117
-119
-135
-181
-215
-201
-175
-157
-153
-149
-167
-169
-162
-189
-179
-161
-157
-155
-139
-139
-135
-135
-150
-175
-192
-189
-165
-154
-141
-170
-196
-193
-173
-123
-95
-111
-119
-126
-107
-104
-114
-143
-162
-141
-130
-138
-140
-141
-144
-136
-130
-102
-82
-89
-111
-141
-153
-156
-134
-89
-51
-37
-79
-124
-162
-175
-152
-137
-140
-118
-118
-127
-134
-141
-161
-163
-151
-137
-131
-115
-130
-173
-188
-174
-172
-175
-176
-189
-183
-165
-164
-188
-208
-199
-179
-183
-186
-202
-220
-228
-192
-191
-204
-216
-217
-229
-229
-232
-256
-236
-216
-207
-226
-247
-252
-209
-181
-166
-177
-174
-188
-205
-240
-259
-266
-234
-200
-205
-209
-221
-202
-181
-203
-229
-230
-223
-225
-224
-219
-211
-199
-187
-200
-226
-252
-273
-263
-251
-204
-211
-239
-246
-273
-260
-243
-230
-213
-236
-266
-281
-302
-274
-264
-251
-249
-267
-259
-279
-304
-322
-292
-266
-235
-258
-302
-313
-303
-292
-279
-254
-266
-276
-281
-279
-290
-271
-273
-260
-259
-255
-275
-263
-252
-253
-252
-236
-231
-241
-253
-251
-261
-254
-251
-243
-230
-222
-203
-200
-201
-233
-267
-264
-234
-228
-208
-181
-183
-220
-237
-238
-225
-223
-223
-228
-190
-154
-167
-196
-213
-195
-168
-173
-183
-191
-198
-207
-198
-205
-197
-186
-167
-174
-177
-190
-199
-220
-227
-220
-215
-195
-182
-162
-167
-181
-187
-187
-170
-156
-134
-131
-152
-170
-150
-108
-89
-116
-151
-147
-136
-129
-118
-103
-99
-88
-77
-71
-92
-104
-86
-72
-66
-63
-60
-52
-53
-65
-73
-40
-51
-89
-117
-111
-72
-29
-30
-39
-38
-52
-72
-87
-84
-71
-46
-74
-91
-63
-78
-87
-110
-125
-108
-86
-86
-117
-121
-125
-117
-131
-148
-141
-126
-147
-151
-169
-186
-190
-179
-149
-126
-153
-176
-209
-233
-233
-209
-183
-175
-191
-226
-240
-234
-234
-238
-228
-231
-241
-249
-255
-249
-225
-244
-270
-281
-265
-262
-274
-257
-266
-279
-278
-257
-249
-273
-306
-322
-306
-295
-304
-280
-260
-241
-241
-262
-276
-304
-284
-267
-283
-301
-279
-268
-264
-259
-252
-240
-241
-230
-236
-250
-243
-231
-212
-208
-204
-205
-195
-173
-190
-212
-231
-234
-211
-188
-160
-163
-162
-156
-153
-162
-146
-149
-140
-148
-132
-93
-75
-114
-148
-159
-119
-78
-79
-99
-123
-122
-102
-90
-115
-126
-133
-111
-86
-67
-67
-74
-75
-73
-77
-80
-67
-57
-65
-69
-81
-87
-77
-90
-89
-103
-99
-90
-74
-62
-87
-120
-100
-84
-67
-73
-67
-88
-110
-118
-110
-97
-80
-97
-101
-95
-81
-82
-101
-91
-102
-110
-114
-119
-124
-119
-107
-93
-131
-151
-147
-118
-113
-96
-98
-114
-132
-141
-134
-116
-97
-112
-127
-150
-136
-144
-123
-96
-103
-128
-134
-137
-146
-158
-153
-131
-129
-125
-123
-119
-125
-133
-142
-146
-148
-152
-122
-110
-100
-113
-141
-163
-154
-152
-140
-120
-90
-112
-137
-169
-168
-145
-128
-120
-150
-158
-138
-115
-113
-123
-140
-155
-174
-194
-193
-175
-140
-139
-135
-140
-158
-172
-186
-198
-208
-214
-184
-185
-188
-161
-145
-134
-171
-193
-190
-181
-197
-205
-201
-169
-141
-147
-179
-208
-223
-219
-211
-197
-173
-144
-143
-152
-172
-187
-189
-172
-185
-215
-229
-234
-224
-207
-216
-213
-213
-220
-227
-228
-215
-209
-226
-232
-209
-207
-216
-245
-237
-234
-210
-242
-256
-253
-222
-199
-211
-224
-223
-221
-211
-218
-237
-236
-237
-238
-225
-218
-210
-223
-237
-224
-221
-219
-235
-224
-210
-201
-201
-215
-238
-260
-278
-259
-227
-192
-167
-183
-217
-246
-260
-250
-234
-241
-233
-241
-214
-194
-196
-204
-196
-191
-201
-208
-204
-190
-174
-176
-188
-204
-198
-180
-152
-149
-126
-120
-128
-139
-158
-177
-172
-134
-96
-70
-58
-69
-62
-58
-49
-45
-61
-54
-42
-51
-59
-68
-54
-35
-29
-9
-1
3
7
0
-12
-15
-1
23
34
18
17
-7
-11
2
21
36
34
23
14
-4
-12
-14
-7
-18
-26
-53
-52
-37
-45
-38
-40
-63
-80
-87
-69
-65
-90
-111
-136
-144
-130
-109
-95
-98
-140
-179
-182
-171
-165
-181
-204
-208
-196
-187
-189
-191
-201
-209
-231
